function [AA, GP] = DomData 

AAdata= [0.005, 329.846988898713;
0.01, 348.29428234600647;
0.05, 296.42523823558304;
0.1, 262.53929659102073;
1.0, 126.90956871991352;
2.0, 90.00638569604087;
10, 69.58198251301701]; 

GPdata= [0.005, 134.08733667354352;
0.01, 146.56891639650257;
0.05, 176.95623342175065;
0.1, 166.99331957952643;
1.0, 119.62005108556826;
2.0, 100.65698988112774;
10.0, 89.21554180174866];

AA = AAdata(:,2); 
GP = GPdata(:,2); 

end

