function [fibrin,clottime] = KimData

ga = [2.0474406991260925, 2.840816326530611;
4.069912609238452, 2.8244897959183666;
6.042446941323346, 3.297959183673469;
7.990012484394509, 4.114285714285713;
10.012484394506869, 4.424489795918367;
14.007490636704123, 4.538775510204081;
18.02746566791511, 4.848979591836734;];

gp =[2.0224719101123596, 3.7551020408163254;
3.9950062421972534, 5.142857142857142;
5.992509363295881, 5.926530612244897;
7.990012484394509, 7.804081632653061;
10.012484394506869, 6.775510204081632;
14.007490636704123, 7.738775510204081;
18.02746566791511, 7.93469387755102;];

fibrin = [ga(:,1) gp(:,1)];
clottime = [ga(:,2) gp(:,2)];


end