function [RatioBat, FbgnBat, RatioThr, FbgnThr] = KimRatios

THR= [1.874999999999993, 1.588847583643124;
4.041666666666664, 1.8208178438661724;
6.041666666666664, 1.8654275092936814;
8, 1.8832713754646853;
10, 1.869888475836432;
14.041666666666664, 1.847583643122678;
18.041666666666664, 1.6557620817843883;
2.000000000000007, 1.4193308550185892;
4, 1.7449814126394063;
5.999999999999993, 1.7628252788104102;
8, 1.66468401486989;
10, 1.5576208178438677;
14, 1.5620817843866184;
18.041666666666664, 1.637918215613384;
2.000000000000007, 1.7539033457249085;
4, 1.9278810408921943;
6.000000000000007, 2.00371747211896;
8, 2.1107806691449817;
10, 2.186617100371748;
14.041666666666664, 2.1420074349442384;
18.041666666666664, 1.6156133828996295;];

BAT = [2.065217391304344, 1.2257053291536053;
4.094202898550723, 1.4739811912225709;
5.905797101449277, 1.4438871473354236;
8.007246376811594, 1.5492163009404392;
10.036231884057969, 1.5416927899686523;
14.021739130434781, 1.8426332288401257;
18.007246376811594, 1.7561128526645768;
2.065217391304344, 1.188087774294671;
4.021739130434781, 1.3159874608150472;
6.014492753623188, 1.2821316614420066;
8.007246376811594, 1.4514106583072102;
10, 1.3987460815047024;
13.985507246376812, 1.6357366771159878;
18.007246376811594, 1.7410658307210034;
1.9927536231884062, 1.278369905956113;
4.021739130434781, 1.6244514106583074;
5.978260869565219, 1.60564263322884;
7.971014492753625, 1.647021943573668;
10, 1.6808777429467088;
14.021739130434781, 2.0457680250783703;
18.007246376811594, 1.774921630094044;]; 

RatioThr = [THR(1:7, 2), THR(8:14, 2), THR(15:21, 2)];
FbgnThr = [THR(1:7, 1), THR(8:14, 1), THR(15:21, 1)];

RatioBat = [BAT(1:7, 2), BAT(8:14, 2), BAT(15:21, 2)];
FbgnBat = [BAT(1:7, 1), BAT(8:14, 1), BAT(15:21, 1)];
end